Nombre d'arestes: 602
Nombre de vertexs: 62
Longuitud del diàmetre: 3
Resum de la transitivitat: 
0.5227690047741461
 Graus de llibertat: 
N = 62, mean +- sd: 19.4194 +- 12.5300
[ 3,  4): ** (2)
[ 4,  5):  (0)
[ 5,  6):  (0)
[ 6,  7):  (0)
[ 7,  8): ******** (8)
[ 8,  9):  (0)
[ 9, 10): ***** (5)
[10, 11):  (0)
[11, 12): **** (4)
[12, 13):  (0)
[13, 14): ******* (7)
[14, 15):  (0)
[15, 16): ******* (7)
[16, 17):  (0)
[17, 18): *** (3)
[18, 19):  (0)
[19, 20): ** (2)
[20, 21):  (0)
[21, 22): *** (3)
[22, 23):  (0)
[23, 24): **** (4)
[24, 25):  (0)
[25, 26): ** (2)
[26, 27):  (0)
[27, 28): * (1)
[28, 29):  (0)
[29, 30): * (1)
[30, 31):  (0)
[31, 32): ** (2)
[32, 33):  (0)
[33, 34): *** (3)
[34, 35):  (0)
[35, 36): *** (3)
[36, 37):  (0)
[37, 38): * (1)
[38, 39):  (0)
[39, 40): * (1)
[40, 41):  (0)
[41, 42):  (0)
[42, 43):  (0)
[43, 44): * (1)
[44, 45):  (0)
[45, 46):  (0)
[46, 47):  (0)
[47, 48):  (0)
[48, 49):  (0)
[49, 50):  (0)
[50, 51):  (0)
[51, 52):  (0)
[52, 53):  (0)
[53, 54):  (0)
[54, 55):  (0)
[55, 56):  (0)
[56, 57):  (0)
[57, 58):  (0)
[58, 59):  (0)
[59, 60): * (1)
[60, 61):  (0)
[61, 62):  (0)
[62, 63):  (0)
[63, 64): * (1)
 Grau per vertex: 
[63, 13, 9, 39, 35, 7, 9, 59, 13, 25, 13, 11, 33, 31, 19, 21, 27, 7, 23, 33, 7, 9, 13, 35, 37, 17, 13, 13, 17, 9, 35, 23, 25, 33, 31, 3, 21, 11, 11, 13, 21, 11, 23, 29, 43, 15, 15, 23, 15, 7, 15, 15, 7, 19, 7, 15, 7, 9, 15, 17, 3, 7]